start=80.214167
pause=yes
volume=90.000000
