start=1690.015880
pause=yes
volume=74.000000
