start=149.962750
pause=yes
volume=96.000000
