start=10227.941500
volume=56.000000
