start=745.180583
pause=yes
volume=80.000000
