start=54.273324
pause=yes
ab-loop-a=54.273324
