start=985.535240
pause=yes
volume=84.000000
