start=3282.241479
pause=yes
volume=50.000000
