start=7089.073208
pause=yes
volume=78.000000
