start=4831.493000
volume=130.000000
mute=yes
