start=3286.836857
pause=yes
volume=52.000000
