start=113.667000
pause=yes
volume=70.000000
