start=3205.786833
pause=yes
volume=70.000000
