start=7849.050500
volume=80.000000
